$ANSIBLE_VAULT;1.1;AES256
35663130373836656261323230616432356539366662663237646663393034303834343139363962
6535316266336231353333343836656438616266636462390a363565343964333765313730633030
61663064653434393264326234643134373330663536306337396538346561316365663936633033
3832353832356138390a626466653132623337636666373734363130313633323237386464386363
37656432623836666532393466346363333865636232633236393761653463616265643231376538
31633765393464666236303138313232356138636365353035646563326535383631336566376531
33656162393136333263353639343461653261383531303765346163346138373066623437633666
38373739346362363435366239313138313366653835323166346331653434383863306530303030
36323331653232616366333766336535343163353364373937393666663861383439366230626665
37373037616533366366323061383761303765376661656362336631343536333662646130363630
36393033366337306264656338336262373739356437303931306139303135663338396362306465
65643630623961663838656233336335356338383836306233383661396262316631393437373335
35363065613632653430646162336466383834396639373266376466313761316132616338306434
32323261393433643939376363616366303731323630626634363861643834346337666236663630
64356135363661323231326261616437613939313864636637333335626635336639396261623537
30383966396236303463313337643465323233366238656166313565306662626635393731306639
31303065303764656466346636616265333331353431633935383738313233323663633733306532
64653662313730366338643464346538643532626531336337363239636538346463346534653030
65623337356333313133316637333735633733623462616366633466363538306135323536643562
66363565383132336131613462326236623533393733636335373737313334303361623234646134
34313331656334323463336266326238303032346261303033313961393132333566613032663533
66343431623364343139306133633532363263333832393764643365643064306265363865623833
62653530636565396635386661386261323732303534313363396231633665653236616439653837
39366533623064323362616365323939383838376564303139386566613432313064373735323339
30306636383364653933396461326363373636316431356630643637323537616566323735393131
30643264356264303039393732633962303739616364306466393762653932646538623636336632
62303732353934393132346463633763626532316563396231323064383538393434633030353635
38383263353438326531393662383637353263396530313639396638333466633034623235653865
32646666653830326435386666666333323538363138363030393334346233383661393333616466
30396361646237623362656364633136353861353963393963343238613834333464623930643338
61646439346462366534326439663561623564323639376566353639353535663438313932666163
61383462666565323365333130666131656466663538393733646466373730306237323638373138
35343561323062363333343934663961653733343963306661623035386430643636383637393735
62313136386537343266343839356535353864323164386638366665623833376330336430336233
35376164386162633735323339633230616265386630656630643361636637613766396135363431
35313637393866393162383339333662333434656438313364316639316437353766343763366462
36363864303361366665373062353936616161363566333639623765343361323061623437666638
66396531616266376637393361373535373839386239646466363935386132613836373539663936
31393839653537373130356637366337636261633634366339613762633864613632663339643934
36323330623331616264353735363138653836393738376663666430373066663533653938393733
61303433383432303365623430303935356634383365643831346461656166383166623639653864
65613439376135396334303030663439613739663563653035393864326565626563363339326262
33333833386664333165356139626534643037373030666263663837376166313739633361616430
32366265616331643132623666343933313934363735633333333364396530376261633165313161
32346661626364396637383962336631373331323461373635326366636131623939303133313632
38316664383031626263353866346536663238613433313234643939636333656361323437346133
64626432393537626365343461666162613965303339336236303361353338363662656334633662
61336631333237626533663532393063636234366161353232613035303436366631376365613638
37666236616432313635623339653337373635373038626133653233623234393839396634613635
30353930623239333734346365323138633063656432373638306363613932386335643238356330
37326232613433383938626566336264373366643530663337353631653833613266303839623964
31663030303464336263393730653733646233306231646436666132663038353531326635623332
31613262323963613466306534383131656336336138343864636437613434616266636665303532
39343864386333393334326532383362346332373561326331323630383862313133663363363865
66383630613030373336653032306665653935316432363837333865383330313762353063356638
65343639366333646132626137353433383839653638643761333764623030663661623765626434
30396630396363623639356230393636373831393263343739616464323438333165333533366635
34396265303764373438313034633230616237663631396237366531666134356137383966333463
34646534633961633633313865613238633163666361656330386564626266373238633833313064
30373332626435666432323331343733373565336235616364306231626561656236323731313530
37376164646535316135373136386465363534373335346631393433623439333564626638633662
65373966316234323231353064653532386566323464616139626364643035613161393434623930
31653036366434343262626632316332323931646237353764383533653733323863313266343562
31333431333034623861626233373633646639333332613264376531653634646639333238396238
37326132643034633562346430323033636161646334323036636432626464313736616634326630
63326632373963383933356234363064396432323863643163313938616364386634623438343433
64303837653930643630653663396436386565323435396365373537396366393763323631306263
33633566323637313636393131363439373131653434356436643464646133353361383539343335
64633939623663623565643765393030653261646534313634663731393138336533663564656138
62613638383866343431376162633362613731326565633164653135666136373533623563383262
33386534633366313838316361653131393538613831666239313463346333616163653464366665
62323836396434386264363130613636396539653261623137393335643262373635346532343738
31363130346163363665316662663836653861373735306431343234356561346166366632346233
30626436613132333733313965643533656265383938306530363032616137373332663637646633
32366337373333383832663065323531373562333937383930633132326237393061653235633161
65366631616131633839383237323333306566336539613761326430336336303934643433386463
61653531343037363532323638613934643233376539353636343864616530326338343832326263
39313161383865393866323033656432386135383335333434623265636163373430613138663935
66396632613639393137333934636233316366313964363236306463643133323862623232636232
31383865653764626530396432303738363630646539626361653161613130663636373666313935
61363462346134643731616236303665313964666538373965336337356536636339333130346565
32633265643634336437396265653662373164653665666566373939643936336436623635323964
37336664373236396135323735623561373131663763323561646631626237386239383337363438
65613335663435306666356632623639633538363434613630373462636461353237386335306562
66343833633535656538353463646437363131333334356538353138643633396632306437643137
61393931383636366139306261653536633735373333396633656165613332363636383135313138
65623165623938373238373561393633616163643133666561356339666566313738663563626539
33363330626139353139663331656637623037663839653832623163366130373566363363316235
35626338383365386565386132386638313465653935326564653966383533356139356330316230
39333633336433643562343132346165656465303037633237373663363731396337363731346638
32323161353362343763623039633661316636346164666130373662386431663661303039663763
30316461643238316464646564303162353031616230643233623064666635356237656532666532
37356661626134396138313237336338383933346166663764323864643461316438653565363536
39356263393563653330326461613264303066353230653464303961343432316534346430613839
34393034646464366634396237373636656135383031643031636130666464383335373261653436
33313939656632373763666166666337356331363239383831363134313432633839666536613839
33333263666633666463666536643138656361653862383534343362656634396233616531366266
32616263666435353734393565646431373738616431363964343435613232353835393531646136
37363935373532323061643934336437626339636131343031666262643930343431313638383039
31623565626631366534626264333664626133383163653831393739616161393735373232623838
61313130343736616437653065633435313134653037653637616564313565386463393964633965
32613233623562326136313736626639393336663962646339366139626464613664336365313035
30316561633534666539663561373532613537356436373462626237323136643536386330616332
34633263363031613934393137306665313433633733663831623764323465326365386665623132
61633863376639326134366136326563633830633732386639346462623939316164353963373836
62323466316135666131316565346365346563653764333839353561633135366133396333346336
36383065646261636533636335306461636261306435346139353430623835373535303363663462
31633137303932646432376561653662646363313534656561343939643733393739353761393264
31326562626331333964663864343830643033636336306232643930396435303737383839326364
63306133353436626461663736316132313836646637336461316664633063313838363864633961
36356237366233656464303739363766643962303038333034343963373564303636623930363262
32393063613532626464303836313637616334303330663462373938666235653435326439353832
64376461376631643930373965353839393430343237663934383532666237396133666365396333
36373261623130313164383931333738313338373837313762336163303965376237346365656637
64323632313734363964626235356236623138386433343536343565323262386639336161663334
33356235343834313930323830656333656237303534663063613837333061353665326664383439
39666337316364376635393230386663636162333261303331636262623436333233626565663532
66306661383437316535656434643131326463373163383837306537663532633661633335656361
30383239656332363930616531316264613635646335653630323863613863633335623666623839
39656431336563363832663936303936636634626662373836313564336465613366346338313335
64396336633563333533356136626234613362623265363862623165623334616262333364363030
34353033633934396133373131336331396434616631376134646437306238326231333662666638
64376232626236316461613436353466646136306538396661323266306639323265376165333232
64633531316431326636656230353431346133623066373064323366626461333664363162613535
61326235376165363737653034623537353430306566633266383262666662633264393939333835
36646262316366653563613130633830396539366430633734633833393332643265383232356166
33373664376436313634626461643934666633353939353462353063363938666634656335363738
34646265313630343263373863653835313863363435373931666632383866303132613561353933
61323733363032313939326435356564356262363330333264663763373131336336653162306339
64376365306339366235656665613436396234616134366432656462333166663435656539356362
30666265666639393864656463633261643635303661646430336663623062623162376265313364
65623964306262366265613864663835646439646461313834313661643933623366656565656665
34303331646266333930623263356664393737396465346136326331313939306438663064326435
39656130386137333366353763626238383463386535656238653131626263636333353235303664
37613534366536346266636336326333346534613434383362353334363632313630656562633966
35656163303433666233376261333366313239323938393965616336363566663533623534363965
61323664373661656239303432653536303937383033643036313534326636383434663330353738
62643436333932326464653031323961623839393931656163373637333735373335373335383237
63633633623961316631626331393734353435353234323864643061363162393437653362616561
36323336623935373264323561356464386334346533653738636631653835613237356133626239
37663764306337303630346635623761393832353162366236653532333563356636613038643937
38663164393030346134383333346435613062636534306634313330333965636434643136643039
39393038303436336235396237626161376436353966326139313936633732336636656563383737
31663238393932366235326664366638333935316231383333376237383530333162336134333536
65643630633666313661303135616231316566613536383638353339393263373735646163326631
63623266646638383339663164383566633466303930633036323733626431623561643165666435
37636432373033353531346130313833333733623763616434346335363933666631393733366166
64666132663435313734633465623466643338363766396464323435373431346633373361303933
64303137393131343064353264306538303533393233613966356435363963643563323230363661
37623665353166373964646135323765333062383433653039643737646463623164346564313138
38373962316332666232323564313862363432376266623232346632333332353465356165623565
33323439306434303662353332316265613832376361613839393139643061353937626365626632
64656339663463353162343839653438326264373430313666396231353937616362383737383538
33363636653030386334356232303862633634333130343439663536643564663834316165633835
32643039366536633832316232333730386238643465643764643735623038613762396431663332
33613861616532656130386239393037643364326630653536613337303837636162323538653439
39613935613331306465313463356463653532633464646664353333386565343534643864633761
37396464373762663339376430356165393537343330623836323262353536363761623331356337
61623235356265636565353234326539363639633262316362306561333464333439633865366238
61303165393962326364346339316530653634306562363230363466303162626637313336363961
31333566336437633462653064656138356435366336623836323639393134663433353062626532
35356434366532643635633762613234313061353563613635323830613461353562336530363137
63343461653964623834386231313336643732346532393130666439363866653837366634653236
34623066663961343763653862646162396231666134613266316638336134626361336261336331
61346331363933393934656161313234363136303363313036316234386534616662626537613862
33663239383966393361623231373465353634393135346664653031386239323464356334646461
37363132393630643236643033323362616538326331666538386432633039623433633161653737
34376566396533383762363362643165363037633238383965343533646435376536353136663461
37303530386639356361383233346339323634346365623831303862323161373838373264373837
66303335373131643932626563666335303237623437396238386335306337333730356638393766
32626534613963613764373635633736633062373634626431396534313863353663636164313333
35313037356662636637643864663865366239353638633961303231643262646636333535653134
62396539356664376232316662633130393865393462353032353832366430356463363239323533
62323332396435396366613664366666396561396234353466343964333761613336373061356132
64323739613735373538373639383463653435383832363439366331653038333138376134646335
66326163366632383766306135363638373465323831626539663563396565666633633161356438
3935
